{
  "nbformat": 4,
  "nbformat_minor": 0,
  "metadata": {
    "colab": {
      "provenance": [],
      "collapsed_sections": [],
      "authorship_tag": "ABX9TyO+cvYqwJRVis54olBjVFeR",
      "include_colab_link": true
    },
    "kernelspec": {
      "name": "python3",
      "display_name": "Python 3"
    },
    "language_info": {
      "name": "python"
    }
  },
  "cells": [
    {
      "cell_type": "markdown",
      "metadata": {
        "id": "view-in-github",
        "colab_type": "text"
      },
      "source": [
        "<a href=\"https://colab.research.google.com/github/SP-TechForest/Wine-Quality-prediction-using-machine-learning-algorithms/blob/main/Wine_Quality_Classification.ipynb\" target=\"_parent\"><img src=\"https://colab.research.google.com/assets/colab-badge.svg\" alt=\"Open In Colab\"/></a>"
      ]
    },
    {
      "cell_type": "code",
      "source": [
        "#Importing all the necessary \n",
        "import pandas as pd\n",
        "import numpy as np \n",
        "import plotly.express as px \n",
        "import seaborn as sns \n",
        "import matplotlib.pyplot as plt \n",
        "from pandas.core.common import flatten\n",
        "from sklearn.feature_selection import mutual_info_classif\n",
        "from sklearn.feature_selection import RFE\n",
        "from sklearn.ensemble import RandomForestClassifier\n",
        "from sklearn.preprocessing import StandardScaler\n",
        "from sklearn.model_selection import train_test_split\n",
        "from sklearn.ensemble import RandomForestClassifier\n",
        "from sklearn.model_selection import RandomizedSearchCV\n",
        "from sklearn.metrics import confusion_matrix\n",
        "from sklearn.metrics import classification_report\n",
        "from sklearn.metrics import accuracy_score\n",
        "from sklearn.model_selection import GridSearchCV\n",
        "from sklearn.preprocessing import LabelEncoder\n",
        "from sklearn.svm import SVC\n",
        "from sklearn.decomposition import PCA\n",
        "from sklearn.linear_model import LogisticRegression\n",
        "from sklearn.svm import SVR\n",
        "from sklearn.neighbors import KNeighborsClassifier\n",
        "from sklearn.tree import DecisionTreeClassifier\n",
        "from sklearn.metrics import r2_score, mean_absolute_error, mean_squared_error, accuracy_score, f1_score"
      ],
      "metadata": {
        "id": "-Uw9vCFkN1Vx"
      },
      "execution_count": 53,
      "outputs": []
    },
    {
      "cell_type": "code",
      "source": [
        "#Load data-set\n",
        "data = pd.read_csv('winequality-red.csv')\n",
        "data.head()"
      ],
      "metadata": {
        "colab": {
          "base_uri": "https://localhost:8080/",
          "height": 206
        },
        "id": "GaEj4tr7Nozz",
        "outputId": "65740f7e-37e5-4941-b6da-b1ea834537f5"
      },
      "execution_count": 2,
      "outputs": [
        {
          "output_type": "execute_result",
          "data": {
            "text/plain": [
              "   fixed acidity  volatile acidity  citric acid  residual sugar  chlorides  \\\n",
              "0            7.4              0.70         0.00             1.9      0.076   \n",
              "1            7.8              0.88         0.00             2.6      0.098   \n",
              "2            7.8              0.76         0.04             2.3      0.092   \n",
              "3           11.2              0.28         0.56             1.9      0.075   \n",
              "4            7.4              0.70         0.00             1.9      0.076   \n",
              "\n",
              "   free sulfur dioxide  total sulfur dioxide  density    pH  sulphates  \\\n",
              "0                 11.0                  34.0   0.9978  3.51       0.56   \n",
              "1                 25.0                  67.0   0.9968  3.20       0.68   \n",
              "2                 15.0                  54.0   0.9970  3.26       0.65   \n",
              "3                 17.0                  60.0   0.9980  3.16       0.58   \n",
              "4                 11.0                  34.0   0.9978  3.51       0.56   \n",
              "\n",
              "   alcohol  quality  \n",
              "0      9.4        5  \n",
              "1      9.8        5  \n",
              "2      9.8        5  \n",
              "3      9.8        6  \n",
              "4      9.4        5  "
            ],
            "text/html": [
              "\n",
              "  <div id=\"df-06b1b386-2f08-4490-bfd1-154f775271ff\">\n",
              "    <div class=\"colab-df-container\">\n",
              "      <div>\n",
              "<style scoped>\n",
              "    .dataframe tbody tr th:only-of-type {\n",
              "        vertical-align: middle;\n",
              "    }\n",
              "\n",
              "    .dataframe tbody tr th {\n",
              "        vertical-align: top;\n",
              "    }\n",
              "\n",
              "    .dataframe thead th {\n",
              "        text-align: right;\n",
              "    }\n",
              "</style>\n",
              "<table border=\"1\" class=\"dataframe\">\n",
              "  <thead>\n",
              "    <tr style=\"text-align: right;\">\n",
              "      <th></th>\n",
              "      <th>fixed acidity</th>\n",
              "      <th>volatile acidity</th>\n",
              "      <th>citric acid</th>\n",
              "      <th>residual sugar</th>\n",
              "      <th>chlorides</th>\n",
              "      <th>free sulfur dioxide</th>\n",
              "      <th>total sulfur dioxide</th>\n",
              "      <th>density</th>\n",
              "      <th>pH</th>\n",
              "      <th>sulphates</th>\n",
              "      <th>alcohol</th>\n",
              "      <th>quality</th>\n",
              "    </tr>\n",
              "  </thead>\n",
              "  <tbody>\n",
              "    <tr>\n",
              "      <th>0</th>\n",
              "      <td>7.4</td>\n",
              "      <td>0.70</td>\n",
              "      <td>0.00</td>\n",
              "      <td>1.9</td>\n",
              "      <td>0.076</td>\n",
              "      <td>11.0</td>\n",
              "      <td>34.0</td>\n",
              "      <td>0.9978</td>\n",
              "      <td>3.51</td>\n",
              "      <td>0.56</td>\n",
              "      <td>9.4</td>\n",
              "      <td>5</td>\n",
              "    </tr>\n",
              "    <tr>\n",
              "      <th>1</th>\n",
              "      <td>7.8</td>\n",
              "      <td>0.88</td>\n",
              "      <td>0.00</td>\n",
              "      <td>2.6</td>\n",
              "      <td>0.098</td>\n",
              "      <td>25.0</td>\n",
              "      <td>67.0</td>\n",
              "      <td>0.9968</td>\n",
              "      <td>3.20</td>\n",
              "      <td>0.68</td>\n",
              "      <td>9.8</td>\n",
              "      <td>5</td>\n",
              "    </tr>\n",
              "    <tr>\n",
              "      <th>2</th>\n",
              "      <td>7.8</td>\n",
              "      <td>0.76</td>\n",
              "      <td>0.04</td>\n",
              "      <td>2.3</td>\n",
              "      <td>0.092</td>\n",
              "      <td>15.0</td>\n",
              "      <td>54.0</td>\n",
              "      <td>0.9970</td>\n",
              "      <td>3.26</td>\n",
              "      <td>0.65</td>\n",
              "      <td>9.8</td>\n",
              "      <td>5</td>\n",
              "    </tr>\n",
              "    <tr>\n",
              "      <th>3</th>\n",
              "      <td>11.2</td>\n",
              "      <td>0.28</td>\n",
              "      <td>0.56</td>\n",
              "      <td>1.9</td>\n",
              "      <td>0.075</td>\n",
              "      <td>17.0</td>\n",
              "      <td>60.0</td>\n",
              "      <td>0.9980</td>\n",
              "      <td>3.16</td>\n",
              "      <td>0.58</td>\n",
              "      <td>9.8</td>\n",
              "      <td>6</td>\n",
              "    </tr>\n",
              "    <tr>\n",
              "      <th>4</th>\n",
              "      <td>7.4</td>\n",
              "      <td>0.70</td>\n",
              "      <td>0.00</td>\n",
              "      <td>1.9</td>\n",
              "      <td>0.076</td>\n",
              "      <td>11.0</td>\n",
              "      <td>34.0</td>\n",
              "      <td>0.9978</td>\n",
              "      <td>3.51</td>\n",
              "      <td>0.56</td>\n",
              "      <td>9.4</td>\n",
              "      <td>5</td>\n",
              "    </tr>\n",
              "  </tbody>\n",
              "</table>\n",
              "</div>\n",
              "      <button class=\"colab-df-convert\" onclick=\"convertToInteractive('df-06b1b386-2f08-4490-bfd1-154f775271ff')\"\n",
              "              title=\"Convert this dataframe to an interactive table.\"\n",
              "              style=\"display:none;\">\n",
              "        \n",
              "  <svg xmlns=\"http://www.w3.org/2000/svg\" height=\"24px\"viewBox=\"0 0 24 24\"\n",
              "       width=\"24px\">\n",
              "    <path d=\"M0 0h24v24H0V0z\" fill=\"none\"/>\n",
              "    <path d=\"M18.56 5.44l.94 2.06.94-2.06 2.06-.94-2.06-.94-.94-2.06-.94 2.06-2.06.94zm-11 1L8.5 8.5l.94-2.06 2.06-.94-2.06-.94L8.5 2.5l-.94 2.06-2.06.94zm10 10l.94 2.06.94-2.06 2.06-.94-2.06-.94-.94-2.06-.94 2.06-2.06.94z\"/><path d=\"M17.41 7.96l-1.37-1.37c-.4-.4-.92-.59-1.43-.59-.52 0-1.04.2-1.43.59L10.3 9.45l-7.72 7.72c-.78.78-.78 2.05 0 2.83L4 21.41c.39.39.9.59 1.41.59.51 0 1.02-.2 1.41-.59l7.78-7.78 2.81-2.81c.8-.78.8-2.07 0-2.86zM5.41 20L4 18.59l7.72-7.72 1.47 1.35L5.41 20z\"/>\n",
              "  </svg>\n",
              "      </button>\n",
              "      \n",
              "  <style>\n",
              "    .colab-df-container {\n",
              "      display:flex;\n",
              "      flex-wrap:wrap;\n",
              "      gap: 12px;\n",
              "    }\n",
              "\n",
              "    .colab-df-convert {\n",
              "      background-color: #E8F0FE;\n",
              "      border: none;\n",
              "      border-radius: 50%;\n",
              "      cursor: pointer;\n",
              "      display: none;\n",
              "      fill: #1967D2;\n",
              "      height: 32px;\n",
              "      padding: 0 0 0 0;\n",
              "      width: 32px;\n",
              "    }\n",
              "\n",
              "    .colab-df-convert:hover {\n",
              "      background-color: #E2EBFA;\n",
              "      box-shadow: 0px 1px 2px rgba(60, 64, 67, 0.3), 0px 1px 3px 1px rgba(60, 64, 67, 0.15);\n",
              "      fill: #174EA6;\n",
              "    }\n",
              "\n",
              "    [theme=dark] .colab-df-convert {\n",
              "      background-color: #3B4455;\n",
              "      fill: #D2E3FC;\n",
              "    }\n",
              "\n",
              "    [theme=dark] .colab-df-convert:hover {\n",
              "      background-color: #434B5C;\n",
              "      box-shadow: 0px 1px 3px 1px rgba(0, 0, 0, 0.15);\n",
              "      filter: drop-shadow(0px 1px 2px rgba(0, 0, 0, 0.3));\n",
              "      fill: #FFFFFF;\n",
              "    }\n",
              "  </style>\n",
              "\n",
              "      <script>\n",
              "        const buttonEl =\n",
              "          document.querySelector('#df-06b1b386-2f08-4490-bfd1-154f775271ff button.colab-df-convert');\n",
              "        buttonEl.style.display =\n",
              "          google.colab.kernel.accessAllowed ? 'block' : 'none';\n",
              "\n",
              "        async function convertToInteractive(key) {\n",
              "          const element = document.querySelector('#df-06b1b386-2f08-4490-bfd1-154f775271ff');\n",
              "          const dataTable =\n",
              "            await google.colab.kernel.invokeFunction('convertToInteractive',\n",
              "                                                     [key], {});\n",
              "          if (!dataTable) return;\n",
              "\n",
              "          const docLinkHtml = 'Like what you see? Visit the ' +\n",
              "            '<a target=\"_blank\" href=https://colab.research.google.com/notebooks/data_table.ipynb>data table notebook</a>'\n",
              "            + ' to learn more about interactive tables.';\n",
              "          element.innerHTML = '';\n",
              "          dataTable['output_type'] = 'display_data';\n",
              "          await google.colab.output.renderOutput(dataTable, element);\n",
              "          const docLink = document.createElement('div');\n",
              "          docLink.innerHTML = docLinkHtml;\n",
              "          element.appendChild(docLink);\n",
              "        }\n",
              "      </script>\n",
              "    </div>\n",
              "  </div>\n",
              "  "
            ]
          },
          "metadata": {},
          "execution_count": 2
        }
      ]
    },
    {
      "cell_type": "code",
      "source": [
        "#Print the number of columns and rows \n",
        "f\"Data-set has {data.shape[0]} rows and {data.shape[1]} columns\""
      ],
      "metadata": {
        "colab": {
          "base_uri": "https://localhost:8080/",
          "height": 35
        },
        "id": "rFz5NTslN9kD",
        "outputId": "3c633361-1fe7-4f3c-e245-5f3c57b557f7"
      },
      "execution_count": 3,
      "outputs": [
        {
          "output_type": "execute_result",
          "data": {
            "text/plain": [
              "'Data-set has 1599 rows and 12 columns'"
            ],
            "application/vnd.google.colaboratory.intrinsic+json": {
              "type": "string"
            }
          },
          "metadata": {},
          "execution_count": 3
        }
      ]
    },
    {
      "cell_type": "markdown",
      "source": [
        "#Data Preparation "
      ],
      "metadata": {
        "id": "G1FOBASoSH-v"
      }
    },
    {
      "cell_type": "markdown",
      "source": [
        "##1. Find Null Values and Clean Dataset"
      ],
      "metadata": {
        "id": "BYgK98oMSOIU"
      }
    },
    {
      "cell_type": "code",
      "source": [
        "# Get Columns With Null Values \n",
        "Null_values = data.columns[data.isna().any()]\n",
        "Null_values"
      ],
      "metadata": {
        "colab": {
          "base_uri": "https://localhost:8080/"
        },
        "id": "y0etsUvxSDu4",
        "outputId": "d6afbbe6-893c-463b-a439-0ca94fe7e6d5"
      },
      "execution_count": 4,
      "outputs": [
        {
          "output_type": "execute_result",
          "data": {
            "text/plain": [
              "Index([], dtype='object')"
            ]
          },
          "metadata": {},
          "execution_count": 4
        }
      ]
    },
    {
      "cell_type": "markdown",
      "source": [
        "Data-set has No Null Values. "
      ],
      "metadata": {
        "id": "ltljd3yhStxM"
      }
    },
    {
      "cell_type": "markdown",
      "source": [
        "##2. Find Outliers and Remove Outliers "
      ],
      "metadata": {
        "id": "DATvKjiVSz1X"
      }
    },
    {
      "cell_type": "code",
      "source": [
        "# This Function Remove Outlier Using Standard Deviation Technique, This Returns Index Position of Outliers and Total Number of Outlier in Each Row. \n",
        "def remove_outlier_std(num_data):\n",
        "  outlier_list = []\n",
        "  outlier_index = []\n",
        "  for i in num_data.columns:\n",
        "    final_list = []\n",
        "    sd = np.std(num_data[i].values)\n",
        "    mean = np.mean(num_data[i].values)\n",
        "    final_list = [x for x in range(num_data.shape[0]) if num_data[i][x]< mean - 3*sd]\n",
        "    final_list = [x for x in range(num_data.shape[0]) if num_data[i][x]> mean + 3*sd]\n",
        "    outlier_index.append(final_list)\n",
        "    outlier_list.append(len(final_list))\n",
        "  return outlier_index, outlier_list"
      ],
      "metadata": {
        "id": "GEdakLQYoEvZ"
      },
      "execution_count": 5,
      "outputs": []
    },
    {
      "cell_type": "code",
      "source": [
        "outlier_index, Outliers_ = remove_outlier_std(data) #Call The Function \n",
        "outlier_index = list(flatten(outlier_index)) #Flatten the shape of list, remove nested list \n",
        "outlier_index = list(dict.fromkeys(outlier_index)) #Remove Duplicate Values in List \n",
        "outlier_index.sort() # Sort the List \n",
        "print(\"Outliers based on standard deviation\") #Prine Outliers\n",
        "for i in range(len(data.columns)):\n",
        "  print(f\"{data.columns[i]} column has : {Outliers_[i]} outliers\")"
      ],
      "metadata": {
        "colab": {
          "base_uri": "https://localhost:8080/"
        },
        "id": "X0UvPzziviIS",
        "outputId": "604ca7e8-cfa5-4615-ac35-313534747a0f"
      },
      "execution_count": 6,
      "outputs": [
        {
          "output_type": "stream",
          "name": "stdout",
          "text": [
            "Outliers based on standard deviation\n",
            "fixed acidity column has : 12 outliers\n",
            "volatile acidity column has : 10 outliers\n",
            "citric acid column has : 1 outliers\n",
            "residual sugar column has : 30 outliers\n",
            "chlorides column has : 31 outliers\n",
            "free sulfur dioxide column has : 22 outliers\n",
            "total sulfur dioxide column has : 15 outliers\n",
            "density column has : 11 outliers\n",
            "pH column has : 7 outliers\n",
            "sulphates column has : 27 outliers\n",
            "alcohol column has : 8 outliers\n",
            "quality column has : 0 outliers\n"
          ]
        }
      ]
    },
    {
      "cell_type": "code",
      "source": [
        "cl_data = data.drop(outlier_index, axis=0) # Drop the outliers from Data-set"
      ],
      "metadata": {
        "id": "NLBVo5AdwP08"
      },
      "execution_count": 7,
      "outputs": []
    },
    {
      "cell_type": "code",
      "source": [
        "#Data after cleaning and removing the outliers \n",
        "cl_data.shape # Remove 136 Rows"
      ],
      "metadata": {
        "colab": {
          "base_uri": "https://localhost:8080/"
        },
        "id": "qLdQf7UTw9kJ",
        "outputId": "13451757-8586-4867-f92f-6af51dfe9def"
      },
      "execution_count": 8,
      "outputs": [
        {
          "output_type": "execute_result",
          "data": {
            "text/plain": [
              "(1463, 12)"
            ]
          },
          "metadata": {},
          "execution_count": 8
        }
      ]
    },
    {
      "cell_type": "markdown",
      "source": [
        "##3. Feature Selection "
      ],
      "metadata": {
        "id": "XiMS1QdX3jZt"
      }
    },
    {
      "cell_type": "markdown",
      "source": [
        "###Correlation Technique"
      ],
      "metadata": {
        "id": "9WytDaiF3zNN"
      }
    },
    {
      "cell_type": "code",
      "source": [
        "data_corr = cl_data.corr() # Make Correlation Dataset"
      ],
      "metadata": {
        "id": "bpm3elggsJap"
      },
      "execution_count": 9,
      "outputs": []
    },
    {
      "cell_type": "code",
      "source": [
        "px.imshow(data.corr(), title = 'Correlation Chart of Columns') #Plot correlation chart "
      ],
      "metadata": {
        "colab": {
          "base_uri": "https://localhost:8080/",
          "height": 542
        },
        "id": "v4d8ZiaS3_nZ",
        "outputId": "59eeca94-a3c0-47e1-aada-1a358175db17"
      },
      "execution_count": 10,
      "outputs": [
        {
          "output_type": "display_data",
          "data": {
            "text/html": [
              "<html>\n",
              "<head><meta charset=\"utf-8\" /></head>\n",
              "<body>\n",
              "    <div>            <script src=\"https://cdnjs.cloudflare.com/ajax/libs/mathjax/2.7.5/MathJax.js?config=TeX-AMS-MML_SVG\"></script><script type=\"text/javascript\">if (window.MathJax) {MathJax.Hub.Config({SVG: {font: \"STIX-Web\"}});}</script>                <script type=\"text/javascript\">window.PlotlyConfig = {MathJaxConfig: 'local'};</script>\n",
              "        <script src=\"https://cdn.plot.ly/plotly-2.8.3.min.js\"></script>                <div id=\"fe12462d-3f89-400f-8f7d-9fd489fb4ff1\" class=\"plotly-graph-div\" style=\"height:525px; width:100%;\"></div>            <script type=\"text/javascript\">                                    window.PLOTLYENV=window.PLOTLYENV || {};                                    if (document.getElementById(\"fe12462d-3f89-400f-8f7d-9fd489fb4ff1\")) {                    Plotly.newPlot(                        \"fe12462d-3f89-400f-8f7d-9fd489fb4ff1\",                        [{\"coloraxis\":\"coloraxis\",\"name\":\"0\",\"x\":[\"fixed acidity\",\"volatile acidity\",\"citric acid\",\"residual sugar\",\"chlorides\",\"free sulfur dioxide\",\"total sulfur dioxide\",\"density\",\"pH\",\"sulphates\",\"alcohol\",\"quality\"],\"y\":[\"fixed acidity\",\"volatile acidity\",\"citric acid\",\"residual sugar\",\"chlorides\",\"free sulfur dioxide\",\"total sulfur dioxide\",\"density\",\"pH\",\"sulphates\",\"alcohol\",\"quality\"],\"z\":[[1.0,-0.2561308947703812,0.6717034347641064,0.11477672449492153,0.09370518632130553,-0.15379419286482468,-0.11318144304548165,0.6680472921189573,-0.6829781945685302,0.18300566393215362,-0.06166827063949039,0.12405164911322257],[-0.2561308947703812,1.0,-0.5524956845595799,0.0019178819627909175,0.061297772476461614,-0.01050382700659221,0.07647000482092811,0.02202623219523293,0.23493729440739305,-0.26098668528328917,-0.20228802714953042,-0.390557780264006],[0.6717034347641064,-0.5524956845595799,1.0,0.14357716157031455,0.20382291382904225,-0.06097812919230487,0.03553302393116163,0.36494717521123443,-0.5419041447395107,0.3127700438544169,0.10990324663388598,0.22637251431804045],[0.11477672449492153,0.0019178819627909175,0.14357716157031455,1.0,0.05560953520353226,0.18704899510428707,0.20302788169710137,0.35528337098334967,-0.08565242221887187,0.005527121339138446,0.04207543721174918,0.013731637340065779],[0.09370518632130553,0.061297772476461614,0.20382291382904225,0.05560953520353226,1.0,0.005562147004781131,0.047400468259075415,0.20063232664151953,-0.2650261311732267,0.3712604812854267,-0.2211405447889096,-0.12890655993005293],[-0.15379419286482468,-0.01050382700659221,-0.06097812919230487,0.18704899510428707,0.005562147004781131,1.0,0.667666450481023,-0.021945831163508164,0.0703774985049412,0.05165757184282859,-0.06940835355780804,-0.05065605724427594],[-0.11318144304548165,0.07647000482092811,0.03553302393116163,0.20302788169710137,0.047400468259075415,0.667666450481023,1.0,0.07126947620312808,-0.06649455901285463,0.04294683623953878,-0.20565394373429882,-0.1851002889265377],[0.6680472921189573,0.02202623219523293,0.36494717521123443,0.35528337098334967,0.20063232664151953,-0.021945831163508164,0.07126947620312808,1.0,-0.34169933478501163,0.1485064117207901,-0.4961797702445207,-0.17491922778336458],[-0.6829781945685302,0.23493729440739305,-0.5419041447395107,-0.08565242221887187,-0.2650261311732267,0.0703774985049412,-0.06649455901285463,-0.34169933478501163,1.0,-0.19664760230436984,0.2056325085124177,-0.05773139120538257],[0.18300566393215362,-0.26098668528328917,0.3127700438544169,0.005527121339138446,0.3712604812854267,0.05165757184282859,0.04294683623953878,0.1485064117207901,-0.19664760230436984,1.0,0.0935947504124477,0.25139707906925995],[-0.06166827063949039,-0.20228802714953042,0.10990324663388598,0.04207543721174918,-0.2211405447889096,-0.06940835355780804,-0.20565394373429882,-0.4961797702445207,0.2056325085124177,0.0935947504124477,1.0,0.4761663239995377],[0.12405164911322257,-0.390557780264006,0.22637251431804045,0.013731637340065779,-0.12890655993005293,-0.05065605724427594,-0.1851002889265377,-0.17491922778336458,-0.05773139120538257,0.25139707906925995,0.4761663239995377,1.0]],\"type\":\"heatmap\",\"xaxis\":\"x\",\"yaxis\":\"y\",\"hovertemplate\":\"x: %{x}<br>y: %{y}<br>color: %{z}<extra></extra>\"}],                        {\"template\":{\"data\":{\"bar\":[{\"error_x\":{\"color\":\"#2a3f5f\"},\"error_y\":{\"color\":\"#2a3f5f\"},\"marker\":{\"line\":{\"color\":\"#E5ECF6\",\"width\":0.5},\"pattern\":{\"fillmode\":\"overlay\",\"size\":10,\"solidity\":0.2}},\"type\":\"bar\"}],\"barpolar\":[{\"marker\":{\"line\":{\"color\":\"#E5ECF6\",\"width\":0.5},\"pattern\":{\"fillmode\":\"overlay\",\"size\":10,\"solidity\":0.2}},\"type\":\"barpolar\"}],\"carpet\":[{\"aaxis\":{\"endlinecolor\":\"#2a3f5f\",\"gridcolor\":\"white\",\"linecolor\":\"white\",\"minorgridcolor\":\"white\",\"startlinecolor\":\"#2a3f5f\"},\"baxis\":{\"endlinecolor\":\"#2a3f5f\",\"gridcolor\":\"white\",\"linecolor\":\"white\",\"minorgridcolor\":\"white\",\"startlinecolor\":\"#2a3f5f\"},\"type\":\"carpet\"}],\"choropleth\":[{\"colorbar\":{\"outlinewidth\":0,\"ticks\":\"\"},\"type\":\"choropleth\"}],\"contour\":[{\"colorbar\":{\"outlinewidth\":0,\"ticks\":\"\"},\"colorscale\":[[0.0,\"#0d0887\"],[0.1111111111111111,\"#46039f\"],[0.2222222222222222,\"#7201a8\"],[0.3333333333333333,\"#9c179e\"],[0.4444444444444444,\"#bd3786\"],[0.5555555555555556,\"#d8576b\"],[0.6666666666666666,\"#ed7953\"],[0.7777777777777778,\"#fb9f3a\"],[0.8888888888888888,\"#fdca26\"],[1.0,\"#f0f921\"]],\"type\":\"contour\"}],\"contourcarpet\":[{\"colorbar\":{\"outlinewidth\":0,\"ticks\":\"\"},\"type\":\"contourcarpet\"}],\"heatmap\":[{\"colorbar\":{\"outlinewidth\":0,\"ticks\":\"\"},\"colorscale\":[[0.0,\"#0d0887\"],[0.1111111111111111,\"#46039f\"],[0.2222222222222222,\"#7201a8\"],[0.3333333333333333,\"#9c179e\"],[0.4444444444444444,\"#bd3786\"],[0.5555555555555556,\"#d8576b\"],[0.6666666666666666,\"#ed7953\"],[0.7777777777777778,\"#fb9f3a\"],[0.8888888888888888,\"#fdca26\"],[1.0,\"#f0f921\"]],\"type\":\"heatmap\"}],\"heatmapgl\":[{\"colorbar\":{\"outlinewidth\":0,\"ticks\":\"\"},\"colorscale\":[[0.0,\"#0d0887\"],[0.1111111111111111,\"#46039f\"],[0.2222222222222222,\"#7201a8\"],[0.3333333333333333,\"#9c179e\"],[0.4444444444444444,\"#bd3786\"],[0.5555555555555556,\"#d8576b\"],[0.6666666666666666,\"#ed7953\"],[0.7777777777777778,\"#fb9f3a\"],[0.8888888888888888,\"#fdca26\"],[1.0,\"#f0f921\"]],\"type\":\"heatmapgl\"}],\"histogram\":[{\"marker\":{\"pattern\":{\"fillmode\":\"overlay\",\"size\":10,\"solidity\":0.2}},\"type\":\"histogram\"}],\"histogram2d\":[{\"colorbar\":{\"outlinewidth\":0,\"ticks\":\"\"},\"colorscale\":[[0.0,\"#0d0887\"],[0.1111111111111111,\"#46039f\"],[0.2222222222222222,\"#7201a8\"],[0.3333333333333333,\"#9c179e\"],[0.4444444444444444,\"#bd3786\"],[0.5555555555555556,\"#d8576b\"],[0.6666666666666666,\"#ed7953\"],[0.7777777777777778,\"#fb9f3a\"],[0.8888888888888888,\"#fdca26\"],[1.0,\"#f0f921\"]],\"type\":\"histogram2d\"}],\"histogram2dcontour\":[{\"colorbar\":{\"outlinewidth\":0,\"ticks\":\"\"},\"colorscale\":[[0.0,\"#0d0887\"],[0.1111111111111111,\"#46039f\"],[0.2222222222222222,\"#7201a8\"],[0.3333333333333333,\"#9c179e\"],[0.4444444444444444,\"#bd3786\"],[0.5555555555555556,\"#d8576b\"],[0.6666666666666666,\"#ed7953\"],[0.7777777777777778,\"#fb9f3a\"],[0.8888888888888888,\"#fdca26\"],[1.0,\"#f0f921\"]],\"type\":\"histogram2dcontour\"}],\"mesh3d\":[{\"colorbar\":{\"outlinewidth\":0,\"ticks\":\"\"},\"type\":\"mesh3d\"}],\"parcoords\":[{\"line\":{\"colorbar\":{\"outlinewidth\":0,\"ticks\":\"\"}},\"type\":\"parcoords\"}],\"pie\":[{\"automargin\":true,\"type\":\"pie\"}],\"scatter\":[{\"marker\":{\"colorbar\":{\"outlinewidth\":0,\"ticks\":\"\"}},\"type\":\"scatter\"}],\"scatter3d\":[{\"line\":{\"colorbar\":{\"outlinewidth\":0,\"ticks\":\"\"}},\"marker\":{\"colorbar\":{\"outlinewidth\":0,\"ticks\":\"\"}},\"type\":\"scatter3d\"}],\"scattercarpet\":[{\"marker\":{\"colorbar\":{\"outlinewidth\":0,\"ticks\":\"\"}},\"type\":\"scattercarpet\"}],\"scattergeo\":[{\"marker\":{\"colorbar\":{\"outlinewidth\":0,\"ticks\":\"\"}},\"type\":\"scattergeo\"}],\"scattergl\":[{\"marker\":{\"colorbar\":{\"outlinewidth\":0,\"ticks\":\"\"}},\"type\":\"scattergl\"}],\"scattermapbox\":[{\"marker\":{\"colorbar\":{\"outlinewidth\":0,\"ticks\":\"\"}},\"type\":\"scattermapbox\"}],\"scatterpolar\":[{\"marker\":{\"colorbar\":{\"outlinewidth\":0,\"ticks\":\"\"}},\"type\":\"scatterpolar\"}],\"scatterpolargl\":[{\"marker\":{\"colorbar\":{\"outlinewidth\":0,\"ticks\":\"\"}},\"type\":\"scatterpolargl\"}],\"scatterternary\":[{\"marker\":{\"colorbar\":{\"outlinewidth\":0,\"ticks\":\"\"}},\"type\":\"scatterternary\"}],\"surface\":[{\"colorbar\":{\"outlinewidth\":0,\"ticks\":\"\"},\"colorscale\":[[0.0,\"#0d0887\"],[0.1111111111111111,\"#46039f\"],[0.2222222222222222,\"#7201a8\"],[0.3333333333333333,\"#9c179e\"],[0.4444444444444444,\"#bd3786\"],[0.5555555555555556,\"#d8576b\"],[0.6666666666666666,\"#ed7953\"],[0.7777777777777778,\"#fb9f3a\"],[0.8888888888888888,\"#fdca26\"],[1.0,\"#f0f921\"]],\"type\":\"surface\"}],\"table\":[{\"cells\":{\"fill\":{\"color\":\"#EBF0F8\"},\"line\":{\"color\":\"white\"}},\"header\":{\"fill\":{\"color\":\"#C8D4E3\"},\"line\":{\"color\":\"white\"}},\"type\":\"table\"}]},\"layout\":{\"annotationdefaults\":{\"arrowcolor\":\"#2a3f5f\",\"arrowhead\":0,\"arrowwidth\":1},\"autotypenumbers\":\"strict\",\"coloraxis\":{\"colorbar\":{\"outlinewidth\":0,\"ticks\":\"\"}},\"colorscale\":{\"diverging\":[[0,\"#8e0152\"],[0.1,\"#c51b7d\"],[0.2,\"#de77ae\"],[0.3,\"#f1b6da\"],[0.4,\"#fde0ef\"],[0.5,\"#f7f7f7\"],[0.6,\"#e6f5d0\"],[0.7,\"#b8e186\"],[0.8,\"#7fbc41\"],[0.9,\"#4d9221\"],[1,\"#276419\"]],\"sequential\":[[0.0,\"#0d0887\"],[0.1111111111111111,\"#46039f\"],[0.2222222222222222,\"#7201a8\"],[0.3333333333333333,\"#9c179e\"],[0.4444444444444444,\"#bd3786\"],[0.5555555555555556,\"#d8576b\"],[0.6666666666666666,\"#ed7953\"],[0.7777777777777778,\"#fb9f3a\"],[0.8888888888888888,\"#fdca26\"],[1.0,\"#f0f921\"]],\"sequentialminus\":[[0.0,\"#0d0887\"],[0.1111111111111111,\"#46039f\"],[0.2222222222222222,\"#7201a8\"],[0.3333333333333333,\"#9c179e\"],[0.4444444444444444,\"#bd3786\"],[0.5555555555555556,\"#d8576b\"],[0.6666666666666666,\"#ed7953\"],[0.7777777777777778,\"#fb9f3a\"],[0.8888888888888888,\"#fdca26\"],[1.0,\"#f0f921\"]]},\"colorway\":[\"#636efa\",\"#EF553B\",\"#00cc96\",\"#ab63fa\",\"#FFA15A\",\"#19d3f3\",\"#FF6692\",\"#B6E880\",\"#FF97FF\",\"#FECB52\"],\"font\":{\"color\":\"#2a3f5f\"},\"geo\":{\"bgcolor\":\"white\",\"lakecolor\":\"white\",\"landcolor\":\"#E5ECF6\",\"showlakes\":true,\"showland\":true,\"subunitcolor\":\"white\"},\"hoverlabel\":{\"align\":\"left\"},\"hovermode\":\"closest\",\"mapbox\":{\"style\":\"light\"},\"paper_bgcolor\":\"white\",\"plot_bgcolor\":\"#E5ECF6\",\"polar\":{\"angularaxis\":{\"gridcolor\":\"white\",\"linecolor\":\"white\",\"ticks\":\"\"},\"bgcolor\":\"#E5ECF6\",\"radialaxis\":{\"gridcolor\":\"white\",\"linecolor\":\"white\",\"ticks\":\"\"}},\"scene\":{\"xaxis\":{\"backgroundcolor\":\"#E5ECF6\",\"gridcolor\":\"white\",\"gridwidth\":2,\"linecolor\":\"white\",\"showbackground\":true,\"ticks\":\"\",\"zerolinecolor\":\"white\"},\"yaxis\":{\"backgroundcolor\":\"#E5ECF6\",\"gridcolor\":\"white\",\"gridwidth\":2,\"linecolor\":\"white\",\"showbackground\":true,\"ticks\":\"\",\"zerolinecolor\":\"white\"},\"zaxis\":{\"backgroundcolor\":\"#E5ECF6\",\"gridcolor\":\"white\",\"gridwidth\":2,\"linecolor\":\"white\",\"showbackground\":true,\"ticks\":\"\",\"zerolinecolor\":\"white\"}},\"shapedefaults\":{\"line\":{\"color\":\"#2a3f5f\"}},\"ternary\":{\"aaxis\":{\"gridcolor\":\"white\",\"linecolor\":\"white\",\"ticks\":\"\"},\"baxis\":{\"gridcolor\":\"white\",\"linecolor\":\"white\",\"ticks\":\"\"},\"bgcolor\":\"#E5ECF6\",\"caxis\":{\"gridcolor\":\"white\",\"linecolor\":\"white\",\"ticks\":\"\"}},\"title\":{\"x\":0.05},\"xaxis\":{\"automargin\":true,\"gridcolor\":\"white\",\"linecolor\":\"white\",\"ticks\":\"\",\"title\":{\"standoff\":15},\"zerolinecolor\":\"white\",\"zerolinewidth\":2},\"yaxis\":{\"automargin\":true,\"gridcolor\":\"white\",\"linecolor\":\"white\",\"ticks\":\"\",\"title\":{\"standoff\":15},\"zerolinecolor\":\"white\",\"zerolinewidth\":2}}},\"xaxis\":{\"anchor\":\"y\",\"domain\":[0.0,1.0],\"scaleanchor\":\"y\",\"constrain\":\"domain\"},\"yaxis\":{\"anchor\":\"x\",\"domain\":[0.0,1.0],\"autorange\":\"reversed\",\"constrain\":\"domain\"},\"coloraxis\":{\"colorscale\":[[0.0,\"#0d0887\"],[0.1111111111111111,\"#46039f\"],[0.2222222222222222,\"#7201a8\"],[0.3333333333333333,\"#9c179e\"],[0.4444444444444444,\"#bd3786\"],[0.5555555555555556,\"#d8576b\"],[0.6666666666666666,\"#ed7953\"],[0.7777777777777778,\"#fb9f3a\"],[0.8888888888888888,\"#fdca26\"],[1.0,\"#f0f921\"]]},\"title\":{\"text\":\"Correlation Chart of Columns\"}},                        {\"responsive\": true}                    ).then(function(){\n",
              "                            \n",
              "var gd = document.getElementById('fe12462d-3f89-400f-8f7d-9fd489fb4ff1');\n",
              "var x = new MutationObserver(function (mutations, observer) {{\n",
              "        var display = window.getComputedStyle(gd).display;\n",
              "        if (!display || display === 'none') {{\n",
              "            console.log([gd, 'removed!']);\n",
              "            Plotly.purge(gd);\n",
              "            observer.disconnect();\n",
              "        }}\n",
              "}});\n",
              "\n",
              "// Listen for the removal of the full notebook cells\n",
              "var notebookContainer = gd.closest('#notebook-container');\n",
              "if (notebookContainer) {{\n",
              "    x.observe(notebookContainer, {childList: true});\n",
              "}}\n",
              "\n",
              "// Listen for the clearing of the current output cell\n",
              "var outputEl = gd.closest('.output');\n",
              "if (outputEl) {{\n",
              "    x.observe(outputEl, {childList: true});\n",
              "}}\n",
              "\n",
              "                        })                };                            </script>        </div>\n",
              "</body>\n",
              "</html>"
            ]
          },
          "metadata": {}
        }
      ]
    },
    {
      "cell_type": "code",
      "source": [
        "data_corr['quality']"
      ],
      "metadata": {
        "colab": {
          "base_uri": "https://localhost:8080/"
        },
        "id": "k7Avx7bJ4Huc",
        "outputId": "3da28766-7fba-49f6-8855-b7079259be45"
      },
      "execution_count": 11,
      "outputs": [
        {
          "output_type": "execute_result",
          "data": {
            "text/plain": [
              "fixed acidity           0.132310\n",
              "volatile acidity       -0.365155\n",
              "citric acid             0.238434\n",
              "residual sugar          0.053346\n",
              "chlorides              -0.128296\n",
              "free sulfur dioxide    -0.056245\n",
              "total sulfur dioxide   -0.214660\n",
              "density                -0.184672\n",
              "pH                     -0.086507\n",
              "sulphates               0.372029\n",
              "alcohol                 0.497784\n",
              "quality                 1.000000\n",
              "Name: quality, dtype: float64"
            ]
          },
          "metadata": {},
          "execution_count": 11
        }
      ]
    },
    {
      "cell_type": "markdown",
      "source": [
        "On the bases of correlation technique, we should remove three columns,<br>\n",
        "1. residual sugar<br>\n",
        "2. free sulfur dioxide<br>\n",
        "3. pH"
      ],
      "metadata": {
        "id": "pP0ZrOl44UcF"
      }
    },
    {
      "cell_type": "markdown",
      "source": [
        "###Mutual Information Technique"
      ],
      "metadata": {
        "id": "lu1phVYd420f"
      }
    },
    {
      "cell_type": "code",
      "source": [
        "#Divide datset in to feature(x) and target(y)\n",
        "x = cl_data.drop(columns = ['quality'])\n",
        "y = cl_data.quality\n",
        "importance = mutual_info_classif(x,y) # Apply mutual information classification on x and y  \n",
        "px.bar(x = x.columns, y = importance, labels={\n",
        "    'x': 'Columns',\n",
        "    'y': 'Importance'\n",
        "},\n",
        "title = 'Mutual Information of various featurs',\n",
        "color_discrete_sequence=px.colors.qualitative.Set2) #plot Bar Plot of information gain of each columns"
      ],
      "metadata": {
        "colab": {
          "base_uri": "https://localhost:8080/",
          "height": 542
        },
        "id": "VN_nyz-e4SMv",
        "outputId": "8e92cc95-0da0-414b-e7bf-02da115d14ef"
      },
      "execution_count": 12,
      "outputs": [
        {
          "output_type": "display_data",
          "data": {
            "text/html": [
              "<html>\n",
              "<head><meta charset=\"utf-8\" /></head>\n",
              "<body>\n",
              "    <div>            <script src=\"https://cdnjs.cloudflare.com/ajax/libs/mathjax/2.7.5/MathJax.js?config=TeX-AMS-MML_SVG\"></script><script type=\"text/javascript\">if (window.MathJax) {MathJax.Hub.Config({SVG: {font: \"STIX-Web\"}});}</script>                <script type=\"text/javascript\">window.PlotlyConfig = {MathJaxConfig: 'local'};</script>\n",
